     EQ B  BI D  DI O  OI M  MI S  SI F  FI
   .---------------------------------------.
EQ | 1  1  1  1  1  1  1  1  1  1  1  1  1 | 1+1+1+1+1+1+1+1+1+1+1+1+1 = 13
B  | 1  1  -  5  1  1  5  1  5  1  1  5  1 | 1+1+13+5+1+1+5+1+5+1+1+5+1 = 41
BI | 1  -  1  5  1  5  1  5  1  5  1  1  1 | 1+13+1+5+1+5+1+5+1+5+1+1+1 = 41
D  | 1  1  1  1  -  5  5  1  1  1  5  1  5 | 1+1+1+1+13+5+5+1+1+1+5+1+5 = 41
DI | 1  5  5  9  1  3  3  3  3  3  1  3  1 | 1+5+5+9+1+3+3+3+3+3+1+3+1 = 41
O  | 1  1  5  3  5  3  9  1  3  1  3  3  3 | 1+1+5+3+5+3+9+1+3+1+3+3+3 = 41
OI | 1  5  1  3  5  9  3  3  1  3  3  1  3 | 1+5+1+3+5+9+3+3+1+3+3+1+3 = 41
M  | 1  1  5  3  1  1  3  1  3  1  1  3  1 | 1+1+5+3+1+1+3+1+3+1+1+3+1 = 25
MI | 1  5  1  3  1  3  1  3  1  3  1  1  1 | 1+5+1+3+1+3+1+3+1+3+1+1+1 = 25
S  | 1  1  1  1  5  3  3  1  1  1  3  1  3 | 1+1+1+1+5+3+3+1+1+1+3+1+3 = 25
SI | 1  5  1  3  1  3  1  3  1  3  1  1  1 | 1+5+1+3+1+3+1+3+1+3+1+1+1 = 25
F  | 1  1  1  1  5  3  3  1  1  1  3  1  3 | 1+1+1+1+5+3+3+1+1+1+3+1+3 = 25
FI | 1  1  5  3  1  1  3  1  3  1  1  3  1 | 1+1+5+3+1+1+3+1+3+1+1+3+1 = 25
   '---------------------------------------'
     13 41 41 41 41 41 41 25 25 25 25 25 25
